spawn:
  world: Auth
  x: 5.300000011920929
  y: 61.0
  z: -1.300000011920929
  yaw: 148.01889
  pitch: 2.2657056
firstspawn:
  world: Auth
  x: 5.300000011920929
  y: 61.0
  z: -1.300000011920929
  yaw: 140.20937
  pitch: -0.16874939
