spawn:
  world: Auth
  x: 5.300000011920929
  y: 61.0
  z: -1.3000000119209292
  yaw: 232.04326
  pitch: 0.5302773
firstspawn:
  world: ParaPvP
  x: 36.497954334764486
  y: 71.0
  z: 27.49068499948703
  yaw: 1.0364423
  pitch: 89.783066
