spawn:
  world: Lobby
  x: 384.5
  y: 8.0
  z: 517.5
  yaw: 89.50882
  pitch: -2.3647032
firstspawn:
  world: Lobby
  x: 384.5
  y: 8.0
  z: 517.5
  yaw: 89.50882
  pitch: -2.3647032
