spawns: 
  default: 
    world: Lobby
    x: 0.5603720776285013
    y: 65.0
    z: 0.33143353661235636
    yaw: -359.7343
    pitch: -4.1719503
