Lobby-Location: 36.48755200000733|71.0|27.52901929226356|ParaPvP|-359.96768|-0.82155704
Kit-Editor-Location: 36.46999532435634|70.0|58.21756711515357|ParaPvP|-359.31775|2.0226386
