lastAccountName: Frntts
timestamps:
  login: 1734302805500
  logout: 1734302802384
  lastteleport: 1734302870684
ipAddress: 100.80.245.25
lastlocation:
  world: Lobby
  x: -23.50077758422242
  y: 60.0
  z: 13.6078351390736
  yaw: -334.5455
  pitch: 11.712181
logoutlocation:
  world: Auth
  x: 15.601570238838265
  y: 58.0
  z: -6.212170222338406
  yaw: -354.18384
  pitch: 2.0487823
afk: false
