lastAccountName: Frntts
timestamps:
  login: 1734302202644
  logout: 1734302199827
  lastteleport: 1734302212626
ipAddress: 100.80.245.25
lastlocation:
  world: ParaPvP
  x: 35.695439056326634
  y: 71.0
  z: 27.602665139795594
  yaw: -325.066
  pitch: 16.508772
logoutlocation:
  world: ParaPvP
  x: 39.29029917344541
  y: 71.0
  z: 31.401792320905326
  yaw: -20.57602
  pitch: 6.505873
afk: false
