lastAccountName: Frntts
timestamps:
  login: 1734301536692
  logout: 1734301407377
  lastteleport: 1734301630977
ipAddress: 100.80.245.25
lastlocation:
  world: ParaPvP
  x: 36.059774788045345
  y: 70.0
  z: 23.221129510638274
  yaw: -157.10535
  pitch: -0.26718098
logoutlocation:
  world: Auth
  x: 5.300000011920929
  y: 61.0
  z: -1.300000011920929
  yaw: 140.20937
  pitch: -0.144646
afk: false
